351093 113908
876619 341711
649812 321781
615280 846607
762948 114751
40091 72408
125457 915311
327668 368954
245276 375621
170584 786117
499466 719737
933585 330757
553617 890711
62418 704222
751387 539727
888690 905084
801661 726475
599649 530495
790759 978450
351834 38320
578907 308958
999147 639379
672195 956704
676394 349465
261924 779196
397409 161911
333581 952868
575294 178232
485442 398810
955153 759802
742339 324179
472027 914984
898278 323080
539448 689289
154428 295382
316405 511410
561648 555948
416846 369558
129284 861083
188802 303568
783986 597754
159946 581528
222145 895154
477516 752558
804240 87090
730085 993138
579841 829799
675537 493651
399767 777372
82563 137391
453836 337659
551198 830739
358115 974934
172118 61131
60915 150906
811037 648574
926663 27794
35603 941636
297792 613601
775953 186933
946211 75493
347605 912982
948293 930669
576678 376309
425771 201319
859959 493148
589467 782020
316417 551114
536641 119048
707576 471392
255401 46699
844690 80340
14305 992952
738152 865099
387959 487400
201666 957124
459725 743339
8592 473628
603444 123782
527854 324336
720609 436523
616836 177907
934452 629069
68022 102768
612993 63768
619390 222445
849123 386851
958219 63265
633031 904967
377082 100397
454431 605996
759849 272109
826952 790181
409804 625095
242170 432157
363430 994426
749873 319793
64762 108468
701765 979141
428916 131759
1 10
100 200
201 210
900 1000
1 1
20 15
113382 113382
